76561198169379920
76561199138020807
76561199086999658
76561199441406354
76561198079846378
76561198164583903
76561199530354332
76561198106030459
76561199409330668
76561198232644660
76561199091678603
76561198090261646
76561198974412819
76561198283430597
76561198209773579
76561198340719756
76561198984582531
76561199254811693
76561198176682533
76561199038028584
76561198012740257
76561198099461668
76561199658636991
76561198855283104
76561198384846559
76561199368037822
76561199015676376
76561199838434554
76561199100371337
76561198236886324
76561198999651152
76561198026770265
76561199388244515
76561198046844075
76561198355112701
76561198173156721
76561199046787861
76561199248741876
76561199174608200
76561198971807035
76561198214128732
76561199561998352
76561199100669788
76561198272106416
76561199750100266
76561198051853825
76561198866305135
76561199131475768
76561199013652032
76561198162100786
76561198295413780
76561198036715180
76561198255845971
76561199526572829
76561199545154949
76561198262577982
76561198154014776
76561198056158259
76561198042346171
76561199252601634
76561198040520220
76561199085218177
76561199472320228
76561199040292094
76561198045691068
76561199119173126
76561199120491771
76561198135924192
76561198983485915
76561198004433827
76561198357184247
76561198043873128
76561199480832024
76561198137519009
76561198101278181
76561198090245225
76561199571855468
76561198293107731
76561199021396433
76561198080833725
76561198047390425
76561198196701545
76561199549338811
76561198952122509
76561198064891714
76561198874213993
76561199122005887
76561198848003614
76561198296751596
76561198027581752
76561198288661381
76561199586646467
76561198133043859
76561199301312835
76561199151501520
76561198092066180
76561198127904629
76561198122249448
76561198123941621
76561198213941960
76561198035204421
76561198079732666
76561198143276741
76561198164621365
76561198367756532
76561198046392269
76561198089260003
76561198090337322
76561198184674637
76561198042555599
76561198303678922
76561198036877769
76561198134353985
76561198169931297
76561198271654708
76561198062316156
76561198109903498
76561198343070364
76561198071894931
76561198179818203
76561198169869891
76561198286114772
76561198274809002
76561197994644390
76561198038560013
76561198884444224
76561198144150820
76561197960894499
76561198402433750
76561198836846836
76561198045527819
76561198057074015
76561198062425410
76561198042916013
76561198108087307
76561198061003346
76561198089148637
76561198242318194
76561198051383865
76561198142438138
76561198056222549
76561198105349020
76561198069526087
76561198066678922
76561198156430993
76561198968478006
76561198065872299
76561198198653859
76561198352666532
76561198348978558
76561198334531558
76561198064065041
76561198294305492
76561198106464998
76561198150650884
76561198117847577
76561198368150663
76561198191476165
76561198150610171
76561198059893231
76561198099609624
76561198256542772
76561198104505466
76561198068651984
76561198435382792
76561198042911767
76561198125666958
76561198081847462
76561198082948911
76561198117678103
76561198377006904
76561198318724190
76561198179183289
76561198130750924
76561198161129868
76561198105700897



